 6.00  7.00  5.00  3.00  1.00  1.00 -2.00 -3.00  0.00 -7.00
 1.00 -6.00  9.00  4.00 -9.00 -8.00 -9.00  9.00 -2.00 -7.00
 1.00 -4.00  5.00  0.00 -3.00 -6.00  5.00 -8.00  2.00 -5.00
 6.00 -3.00  2.00  3.00  3.00 -2.00 -8.00  2.00 -4.00 -6.00
-4.00 -2.00 -7.00 -6.00  6.00 -3.00  9.00  8.00 -7.00 -6.00
 1.00 -4.00 -5.00 -4.00  9.00  8.00 -9.00  9.00  2.00 -7.00
-2.00 -7.00  8.00  5.00 -6.00 -9.00  6.00 -5.00 -1.00  7.00
 4.00  5.00  3.00 -10.00  8.00 -7.00  1.00  8.00 -2.00  7.00
-2.00 -7.00  7.00  1.00 -6.00 -6.00  6.00  4.00 -6.00 -6.00
 2.00 -9.00 -8.00 -1.00 -10.00 -6.00  5.00  0.00  2.00  8.00
